Webots Project File version R2023b
perspectives: 000000ff00000000fd00000002000000010000012d00000252fc0200000001fb0000001400540065007800740045006400690074006f00720100000016000002520000008700ffffff00000003000005560000006afc0100000001fb0000001a0043006f006e0073006f006c00650041006c006c0041006c006c0100000000000005560000006900ffffff000004270000025200000001000000020000000100000008fc00000000
simulationViewPerspectives: 000000ff000000010000000200000101000003350100000002010000000100
sceneTreePerspectives: 000000ff00000001000000030000001e000000c0000000fa0100000002010000000200
minimizedPerspectives: 000000ff00000000fd00000002000000010000015600000222fc0200000001fb0000001400540065007800740045006400690074006f00720100000013000002220000008900ffffff000000030000055400000069fc0100000001fb0000001a0043006f006e0073006f006c00650041006c006c0041006c006c0100000000000005540000006900ffffff000003fc0000022200000001000000020000000100000008fc00000000
maximizedDockId: -1
centralWidgetVisible: 1
orthographicViewHeight: 1
textFiles: 1 "controllers/my_ur5e_grid_controller/my_ur5e_grid_controller.py" "controllers/death_warrant/death_warrant.py" "controllers/ur_controller/ur_controller.py"
consoles: Console:All:All
renderingDevicePerspectives: UR5e:MultiSense S21 left camera;1;0.741211;0;0
renderingDevicePerspectives: UR5e:MultiSense S21 right camera;1;0.741211;0;0
renderingDevicePerspectives: UR5e:camera;1;1;0;0
